-1 -1 -1 -1 -1 -1 -1 -1 -1 -1 -1 -1 -1 -1 -1 -1 -1 -1 -1
-1 1 2 3 3 4 5 6 7 -1 8 9 10 11 12 13 14 15 -1
-1 16 -1 -1 17 -1 -1 -1 18 -1 19 -1 -1 -1 20 -1 -1 21 -1
-1 22 23 24 25 26 27 28 29 30 31 32 33 34 35 36 37 38 -1
-1 39 -1 -1 40 -1 41 -1 -1 -1 -1 -1 42 -1 43 -1 -1 44 -1
-1 45 46 47 48 -1 49 50 51 -1 52 53 54 -1 55 56 57 58 -1
-1 -1 -1 -1 59 -1 -1 -1 60 -1 307 -1 -1 -1 61 -1 -1 -1 -1
62 63 64 -1  -1 65 66 67 68 69 70 71 -1 72 -1 73 74 75
-1 -1 -1 -1 76 -1 77 -1 -1 78 -1 -1 79 -1 80 -1 -1 -1 -1
81 82 83 84  85 86 -1 87 88 89 -1 90 91 92 93 94 95 96
-1 -1 -1 -1 100 -1 101 -1 -1 -1 -1 -1 102 -1 103 -1 -1 -1 -1
104 105 106 -1 107 -1 108 109 110 111 112  113 -1 114 -1  115 116
-1 -1 -1 -1 117 -1 118 -1 -1 -1 -1 -1 119 -1 120 -1 -1 -1 -1
-1 130 131 132 133 134 135 136 137 -1 138 139 140 141 142 143 144 145 -1
-1 146 -1 -1 147 -1 -1 -1 148 -1 149 -1 -1 -1 150 -1 -1 151-1
-1 152 153 -1 154 155 156 157 158 159 160 161 162 163 164 -1 165 166 -1
-1 -1 167 -1 168 -1 169 -1 -1 -1 -1 -1 170 -1 171 -1 172 -1 -1
-1 173 174 175 176 -1 177 178 179 -1 180 190 191 -1 192 193 194 195-1
-1 196 -1 -1 -1 -1 -1 -1 197 -1 198 -1 -1 -1 -1 -1 -1 199 -1
-1 200 201 202 203 204 205 206 207 208 209 300 301 302 303 304 305 306 -1
-1 -1 -1 -1 -1 -1 -1 -1 -1 -1 -1 -1 -1 -1 -1 -1 -1 -1 -1
